53.691740651360355
55.31963879632703
54.51967839457865
54.160348539365756
54.252396627927915
53.60714611421152
54.86193888876567
54.68920135205
54.68276344466098
54.76809614040925
54.79527325986525
54.05916527651726
54.19633563883422
54.609290841092985
55.1743322662472
54.43873026364977
55.27698460267558
53.55651184049841
53.793402572816255
54.123385150809
54.76750700369003
54.16326526974495
55.218180240758564
54.913564652667645
54.46220181030412
54.15675868302891
54.2192293504343
53.6899838343085
53.523788317242825
54.46642149123921
55.377437127372694
53.88167269755767
53.544976916849166
54.180282069228696
53.931779124346235
55.02202387659766
53.575006366763894
54.87451365734373
53.43970608280003
55.08816510525218
54.93145877863516
55.26146187071835
54.320465743491084
54.81896970530802
54.117665854757874
53.601465922034336
53.85167130411936
53.70701683277168
54.66601838707429
53.823786624573486
54.68942986831102
53.85981501454804
55.227491129825246
53.80195302794349
53.48234256883465
54.42560036971223
53.72769674411483
54.72884052978638
53.64968966470739
53.77902276473979
53.9097799272999
55.036793344031075
54.89411233977519
55.16203214623244
55.08446511254313
54.8081026341793
54.519104308709124
53.975277480940825
54.40757011803952
55.121154488587585
54.12162544974021
53.41533112776675
53.50529774544712
55.27755867370543
53.73014992932468
53.65305046059864
53.76761864580506
55.35557149286626
53.958461380789146
54.24839011800577
55.13005707994047
54.03512537042241
55.24550785546694
53.99697686255776
53.6641929065489
54.13977710301284
53.75162858683469
54.903759367812306
53.797191529257525
54.84088744245818
53.98146550967786
53.4790460035227
53.48067491233856
53.96934503985674
54.70387179831155
55.052242713590374
55.129245798713534
54.380146506405175
55.23912987414707
55.29860353577354
53.64897771837512
54.815145546011486
53.68379166817124
53.674306409020154
55.37618353181483
54.20928337716036
55.14345327570455
53.95516653431411
54.24677442603096
54.8856134139994
54.54377686351084
53.574300188222736
54.01652265904814
54.584432051577366
55.09007189211896
53.95405085270301
53.8525397172031
53.77182859970875
53.94574867734168
54.527491022290754
55.116283136424514
55.172966612727166
55.19995639855606
53.644811120096364
53.65840381567425
54.97540919766588
54.69471817539893
54.05990928606278
54.44574711848152
53.6478005928314
53.7818756631684
55.192493215589586
53.84081909899879
54.8192170612445
53.58015583328884
54.861007558658955
55.35403181906329
55.16449875016468
53.8026722848218
53.681699026143114
55.18903886917549
54.74087593370145
54.72517358946762
53.82913156603944
54.40147465754713
53.72120142383881
55.36535126936005
54.353464188446566
54.99140913147306
53.96910195592881
53.44351968658109
53.74980414475436
53.749831152452735
54.401361242951396
55.19498078642512
54.97494772693669
54.179472442635486
53.58284665523016
53.60438554120588
54.60682125830956
55.31028504089326
53.49929259243029
54.132405409164335
54.34193470555606
54.72988443941466
54.95325260883638
54.505025491358325
53.52616076650296
53.64927108580435
53.52853331403311
53.63577229876051
53.914151103491115
53.324142823912915
53.56842161824793
55.25118893003278
54.352703515597646
54.65211034743365
54.11301907463567
54.28986930560486
53.583391168209154
55.26612893984597
55.24099490266557
54.64536495887978
53.85976727087247
54.94445793399197
53.76107023789634
55.3232759854906
54.574457499114104
54.657461686406464
53.69854666751493
54.582839427913584
53.591452582579244
55.07156318676263
53.522190985976806
54.13332694968185
54.478913429687374
54.830664112454826
54.55678915561772
54.95556467417353
54.33780173269601
53.435342552988715
53.526681391673655
54.818887712770604
53.421647931631206
55.04014231850849
54.67559128207302
54.0638415570078
54.242769823703185
53.98926474420689
53.40806150218773
54.72094320223465
54.36025317512495
53.41097703905836
53.897808543168956
54.53581413270635
53.545008411713916
54.6910485227545
53.608308373304304
53.97099834855108
54.51721422365365
54.1455276816953
54.17092668781843
54.75477680457016
54.95146181806916
53.71317289293249
54.56590517481568
55.0472918734524
54.944911742577496
54.98784865913367
55.05151693124607
54.79429387391114
54.643775836275395
54.411200099155565
54.78670318675002
55.338821830912835
55.22343690187811
53.94591856547502
54.59250409673428
53.86113174530218
54.91751872997675
54.04991046251404
54.79759592644712
53.71718404825394
54.291218607192384
54.27168164536892
54.61324722349245
54.24600347315331
53.45421513290937
55.28725056076474
53.983006226045184
54.11622318424771
54.4084636700812
54.698901749786
55.35243262574815
54.78212611154961
54.22619212068086
53.41609318712895
55.304185291802895
55.11949591247875
55.25340915757398
53.93882882310677
54.5037793881591
54.811589928577966
55.03423791631102
54.363810205484505
54.901324624425435
54.55554684091311
55.15138732332042
54.433678025834205
53.63455758066811
53.65954101996216
54.67807324443494
54.4496578996208
53.57848042786542
54.100997003761044
54.43670301604119
54.36792112040124
54.986918641457805
54.61617557857047
54.75963466361613
54.89997450363213
55.171310193674294
54.89144464251165
53.947323818597376
54.93739046279975
53.662038568755364
54.4265471459991
55.11917111356624
54.12119070321103
54.797622310270405
55.14017849965673
53.652382157719465
53.8761956447345
54.18707348935327
55.288186265086196
53.904152500079476
54.730652198870814
53.990737609339035
54.764703967830656
54.41249059138998
54.24145235416852
54.46492755914288
54.356532578059884
55.270990749815475
54.34525506125412
53.71566384774212
54.02108112579076
53.87286897747858
53.45582397580039
54.10683386621284
53.758179504430835
53.71957367765731
55.12789344639377
54.2680825139901
55.14607589803453
53.489284551809895
53.60787552914218
54.14774706991382
54.11193124530955
54.06061111530164
55.09171989444352
55.056148033781646
54.00712328007134
53.686804394123435
54.010240167715416
55.14454934051139
54.55767260588671
54.01579355440086
54.16221801816342
55.265099717338074
54.760103329703085
54.151360267024316
55.01559834367325
54.65706821361903
54.29305090591978
54.45076334896054
53.99708774507267
54.40468598659634
54.51492937297096
54.25412608124468
54.09046896729649
55.11190717897525
54.6179707381849
54.240898551498155
54.56394324738038
53.73940122498736
55.008949035715816
54.60870797231451
55.14681385776467
55.04908889925661
54.48690117256293
54.76990892102699
54.475822889142
53.60153511568926
54.28815763881621
54.761146526705986
54.13145383117305
54.75151050758363
54.56899518224202
55.061244654208195
54.084512308228504
53.58703442365196
55.396223972005295
54.012731857805804
53.87329796061536
55.25721192249289
54.8160219327868
54.54231764595596
54.33167942611423
54.63417729589905
55.071328639981566
54.37563109958192
55.18838503975669
53.75445636081133
54.53811129332423
54.4415351453853
54.357822294454294
53.98506018441493
53.45081514472636
54.66132815403188
55.242737533018605
54.35962318254322
53.9873111211889
54.81814591141057
54.8690294357248
54.029896989285916
53.78365303347575
54.7018763033603
54.17302805708
55.277913827729066
54.448956738882835
54.224899002105204
54.2615523948038
54.03413100324072
55.15071396171304
54.70396310574037
54.965058498001795
55.34686957867774
53.840853124890046
55.003514795491334
54.504191172045296
53.7483592254564
55.19285991122273
54.73578779817658
53.59005136164412
54.96270226515889
54.82026956502645
55.21296888250913
53.778491867293944
53.90106908933346
53.846844203955776
55.34675128097463
54.398753908719
54.38943733141036
54.39874674942373
54.19058813181142
54.876757026578865
54.5741878873621
55.0890247901655
54.319958579510406
53.77335470194943
54.45086936926876
54.064716389653086
54.745959358517105
54.35786834875984
54.46144452055047
53.68689021314563
54.557533649187405
55.037212282212806
54.60533016212664
53.41393334108768
54.987650611824726
53.46092185643398
54.00954382573496
53.95839793764593
54.09874704512349
53.622397180662865
53.40326928441983
54.28772039441652
54.78274482816624
53.77667584402727
53.442153406266314
53.53912511647129
55.27095566680518
53.495045523394104
54.32764715233669
54.41902509555992
53.84918604361622
54.6768108729141
54.66670289156619
55.157232227398055
53.97335521845964
53.83852558465445
54.01714068966214
53.58628965196885
54.48093797184142
53.50100287154727
54.063995908675864
53.41623870123881
54.09354534044072
54.99441703528647
53.872161146820496
55.27513289712825
53.9059553499219
53.50180798459265
55.16063415484971
53.585611509631455
54.05690677087917
54.661302126437825
54.0436850118901
54.847845043421025
55.27696756030555
54.54736073569064
54.18425450996652
55.399165773779096
54.50879153597485
55.351369985732724
54.804896717188974
55.220694731614465
54.29507481201797
53.581883849815334
53.50157798176456
54.86127854153035
54.12952520035543
54.10483290831729
54.30564452723925
55.049048570684256
54.4661567768197
53.84401141906278
52.939271929313136
55.06091425758508
54.582221967263145
53.46215540273812
53.70970831170953
54.4203035703073
53.99009399323499
53.84292384724618
54.98762408950556
54.993463312633466
53.59341195801732
54.694095827741116
54.71488041032906
55.05463131863405
55.28280124869079
55.092295869699385
53.887029464556036
55.39039309028321
55.166481311502615
54.28956024746178
54.455858442384525
54.013535618973854
54.13107408715517
53.60205650089889
54.59728981718079
54.55671099023427
53.92792455234006
54.70126890733806
54.78995096977009
53.91622166314346
53.480247205479
54.12796208709639
53.64972510291101
55.21624066449731
54.60640948106052
54.34923549465877
54.965595700666405
54.66377848491466
54.854665915632374
54.17898134637465
53.882098135938826
55.36471008084814
53.64465469058885
53.88205827477657
54.6736897719126
53.67117336735758
54.41096958505124
54.782493245492844
55.05635134110673
54.13065270991892
53.94411951532355
53.69602436958429
54.48173298923966
53.60705920245763
54.62418811307658
55.0072971621785
54.359155934767344
53.64412065873461
53.742506397910795
53.71202620967918
54.65078350382473
54.641393774825644
54.60665026629436
55.24443573519739
53.78527378783305
53.91321062986301
54.6240758972302
54.410290473139234
55.335225642044044
54.200872355309656
54.059705198979714
54.24583005947454
53.40373186670757
53.70840236345176
53.66277408427275
54.122919525813096
55.165350618581655
55.232171831269696
53.85825595165118
54.92072747958627
53.50680887957028
54.45470945784417
54.69817260903268
53.584245676047644
55.212749492143764
53.97300832556802
54.268105717496645
53.88996172830339
54.64183470915872
54.13164264327967
53.744220857268346
54.73899745409183
55.33851885551715
54.23100629261786
53.7961165339442
53.79802584231932
54.52580222971777
54.180985940812555
53.530811255114195
54.80827864633366
53.92427891724494
55.17038122235683
53.673180444081446
55.38295733362238
54.842791463412176
54.42238473787358
54.1781564251431
54.6133599204576
53.986003900413884
53.60643382127885
54.9700031726267
54.30403592943679
54.92420665734756
54.97674689806141
55.00397922205901
54.15728263919087
54.67066525029148
53.80785729475124
55.3457003313533
53.72729389563341
55.31182537222922
54.197455996193206
54.46351524568861
54.46427553319114
55.13568712927234
53.80685703026239
54.42920622847277
53.668838660488184
54.203660402222496
53.60939717035259
55.22232772696388
54.67698368173246
53.81121454186044
55.217082696501116
54.833494849843206
54.095988200724335
53.78263409388102
54.85579572504544
55.361934891203674
53.411509935299925
54.04519386616984
53.559372802971225
53.802613682555126
54.78621872790231
53.42806513864874
53.65286775530666
54.71824999240935
55.37026891420361
55.13126595585676
54.095311884054084
54.491529889156425
54.943925017884055
54.809967883639125
53.752283611321765
55.352833824859495
54.212653627915145
53.71947161876775
54.168600173408706
53.87878902623166
53.574993040645154
53.86616414579041
53.9114439204412
55.15695945868387
54.68351437240028
54.609769815030745
55.05423566440125
54.31198611362033
53.61918529276591
54.66220763370501
54.87156770465144
53.58848984016657
54.999450277976486
53.92836805304843
54.31550872047662
53.68604948640814
54.840338579281855
54.13412054503946
55.34359344286901
54.54156773523773
54.49291337358506
53.68686562414369
53.668809309978194
55.25433693795262
54.47437414058541
54.713943069601726
54.001892496912184
55.34911800125267
53.51412491415813
54.724209094712016
55.356246492886314
54.07254422844917
54.635120645919436
53.83809515740599
54.48579470743526
54.918162798006016
54.59080458202802
55.031460398607436
54.026080621411886
55.075426629589515
53.47794908488709
55.338550834806945
54.408927128400805
53.997948769405355
53.84571186202451
54.45937730624469
55.120968090532045
53.78633223871419
55.12122091298385
53.71682496440553
55.37636463349132
54.580887164379924
53.67200008199822
54.80880661314423
54.77401820633439
54.659548537673665
55.325548065343405
54.3007726126388
55.00959342264036
53.43630622647203
53.66638298465979
54.303889645588775
54.212663021535846
54.05546072118348
53.93086571786627
54.28420089094353
53.97928699654934
54.777016045826294
54.820113577414965
53.44808033671114
53.670339408019366
54.84852318048112
55.051317631818094
53.64929325559239
55.045894286265906
55.0586861268966
53.96777578173637
55.26297585811218
54.80598367931275
53.66804305450002
54.02795388818268
54.97184622149916
55.10804060837579
54.912035269539125
53.493888360531194
54.909959494084376
54.63133865870158
53.771776399903565
54.13924114588016
55.10931892212678
55.258741311698
55.20783404661378
55.29732146623164
53.6946564885982
53.94607341649355
54.55233693527574
54.06938525993754
53.77169463632954
53.849427266117
54.25471965457653
54.01352564569522
54.454201896475475
55.28071539331222
54.67641734456707
55.13446675134987
53.97515525070504
53.56178343034818
55.129823449986915
54.494573257211535
55.327321139104534
55.34739483491442
53.856822618255414
55.266388398475314
55.378568135915245
53.48739988768927
54.14221094841347
54.54701258273753
54.90722327959824
54.99840223888569
54.25731675842478
54.75463559071383
53.502785332668445
55.21523482821681
53.429134032417295
53.92753426283221
53.77730640644727
53.69255772542927
54.53028089571018
54.745848982533666
53.832755479495866
53.926890803631096
54.685096068968214
54.5964503672152
53.42967570681401
53.46939327102156
53.4871850383815
53.50120987997915
53.80244805018923
53.49970289874401
55.023729414753056
55.2289858178271
53.56647409535644
53.43114731319584
54.401871292897916
53.411637867921684
53.66259015421899
54.617639728580464
53.97248523487015
54.984382447513724
54.78402529427415
53.732571920169335
54.94665038877591
53.770801169792
54.23121597463907
54.89001667994822
54.600135798822826
53.5328154708167
53.63978934967506
54.078552331598495
53.761210181567236
54.305939277857966
53.52702841134443
53.97802191901669
53.7770898945619
54.34012253078332
55.10213068857115
53.7295392727939
54.654336923708684
54.466498256378976
54.285573630036005
54.729054762573504
54.5685197065481
54.210345157882834
55.3828987910089
54.01479328243551
53.43844893071437
53.47057864313146
54.35822760792224
55.31887642785974
53.76030116949149
54.08608280494192
54.152821075003175
54.353442111770725
54.39694277682116
54.109195487369185
53.99399567453496
53.4015735037108
53.51776620334325
54.106659323988914
55.139708605222076
54.78335025652213
55.384351945581344
55.30835116496857
54.0041241684911
55.267333919485345
54.17726773851102
53.92410201911727
54.109474163486844
53.997801083440855
54.55931818872231
54.448920747241374
54.80952488075259
55.00803518826494
55.17055709916386
55.2769331114554
55.22996272579023
53.88999138759291
53.75037495252332
54.444349580688176
54.37101173304128
54.69064523724875
55.081973997946726
53.82177369074881
54.81759456935081
53.60533869330263
53.4545437806802
54.57616368864022
54.00235027255439
54.5384359594538
53.83844897819164
55.22276031746722
53.46682087559272
54.10160077721293
54.46874290389635
54.087292473249
55.066119312428086
54.12000902478472
54.032318288724355
54.49877402211693
53.56239169494043
54.216807726386435
55.154008507938514
53.53320388173627
53.55238538850153
53.54613417399049
54.376951414783974
53.62848171665969
55.174436705562236
55.24500672516276
55.332528367232804
54.89085232002672
53.54018948103832
53.674400278630124
54.29519095213115
54.41319030115998
55.33635803590549
55.01981901942897
53.817487978111494
53.42543876242012
54.54184631432987
54.321678496495196
54.64060501805995
53.59751309313181
53.70553603019214
54.505809758657705
54.57572935562333
54.31498363844852
53.73005630868634
53.48439828244829
53.55155236322609
55.247848832904694
53.60684716711305
53.89766983654455
54.52322224058766
55.03271197537745
54.04782972287938
54.566635822543745
54.43805957334407
55.38867330971235
53.45899480227332
55.22721081802936
53.953347731793464
54.487251139078346
55.20122365758859
54.616014727517964
55.1015112399216
53.896643176370404
53.583652034034
54.47817186491679
54.59799438804685
53.92064127757977
54.534891159892865
54.56741962639918
54.987152250665154
54.652512533688316
55.39741736330261
54.208839390252976
54.321467142793686
54.564157856350334
54.790443278172475
54.4945218704751
53.569402721097326
54.950862061098334
53.98658286415009
53.68247936695245
53.447208271358136
55.05194695586519
53.74762312864894
54.869117988368444
54.86998558228718
55.16764032097217
55.06471449272554
53.50558164992549
53.717331230360976
53.59247313774123
54.74829291233577
54.82828063890058
55.10886636275743
53.68551781777089
55.31304544343929
53.77391739949056
54.884966788172434
53.89777959631878
55.10323309263858
54.44932174881887
54.4880057159117
54.07705367791747
55.103681554036605
54.72640845868249
53.93942172952159
53.87056093841663
55.38175431474972
54.0325687741609
54.1079243502548
53.54567433944442
54.605619251300325
54.906809712636544
53.96415002995415
54.04904848695216
54.58412172411096
55.39195263984298
55.01708046671452
53.62446536900361
54.273576529120824
53.83320361048437
53.62753657464453
54.809707944513846
54.19679163924049
54.15340898169938
54.394059688163466
54.13277516944184
53.71963551352055
54.1753072520934
54.30649334705634
55.32774967020588
54.13046104086044
54.061091275362195
53.86257749604228
55.39063178493631
54.96769838787142
54.439592054550666
53.84286810235245
55.2954514952591
53.54092926637715
54.29139696956867
54.93929418898538
53.69097165630047
54.090755292496986
55.16221583447838
53.93266554045582
54.39829394329773
53.53277246105726
54.77480559571606
54.6144423783503
55.0296812652335
55.23096492881635
53.609767619105604
54.148081053266935
54.54890795957016
54.74583014514969
54.52552973283247
54.065266767330975
54.09345114597274
55.002547733919364
53.98782460495072
53.59234688212492
53.87883522364945
54.82450492513345
52.97897851503922
53.502276764997966
53.50544227925021
55.27749116363709
54.15732172605076
55.187390819623
53.48810073267931
54.76987384407439
54.337033428185215
54.14831132431782
54.32876506226831
54.354068082485284
53.85873399565033
53.594307381272316
53.952598385322275
55.17461305492158
54.92113658936804
54.35041649589013
54.82777116761918
53.50816714289398
53.44407098060014
53.76664149171775
54.589288359416244
55.34073457994745
53.53319179246428
54.82453514605924
54.487157054351236
54.927435943484475
54.116683930005856
55.13648476001132
54.47920763934483
54.28013537984878
54.8242777087211
54.03300971856898
54.28888078521176
55.02823641505092
54.678885602830796
54.433384031019095
54.248292635139215
54.59795949246781
53.6711740023685
54.694896862568875
54.24689097287395
55.155413194205764
53.78738197488844
54.13606273450193
53.60601453406143
54.258772183151194
54.5606994522814
54.42909504455888
55.19966822767731
53.6648738969041
54.716517389846906
53.556954361317985
53.64182686312832
55.23554674749653
53.9818629588599
53.53028453332489
53.8605792409919
55.38898232002721
53.62933129159999
53.55954894591554
54.879426052337905
54.041463921783055
54.82582706359896
54.877679653557124
54.126043191282065
54.484764079286954
54.35642807282462
53.9085514971335
54.088823821406216
55.14452355835989
53.79368348960893
54.97659394890115
53.64151081559631
54.66492445993349
54.682659011544416
54.252853316082884
54.856232805625034
54.264969176939246
54.812041761069516
55.132817434877644
54.62525592296597
53.811679150818705
55.141617115263344
53.74131567956864
54.91176397542793
54.55552445302161
53.456430111855575
53.75980661222342
53.94997933481143
53.97339737007697
55.317944112710094
54.271365963557564
55.21493714606549
54.66444285044695
55.38250872803827
54.81868698733358
53.48222547587339
53.74405724831276
54.65745011473407
54.37040646001199
53.798003608814355
53.68136922088006
53.765095666988245
55.39106790609006
53.679611302744725
54.025513961033475
54.7850457506376
54.7100354549558
55.367081345656096
53.96601424939871
54.74500522956348
55.384669984198396
53.445867853125065
54.17258032720548
54.330486794845775
54.25308094030151
53.6611029019316
54.85964119484163
53.88369894929444
54.371765208538626
55.2436941624783
53.52091991863663
55.26193123921028
54.0334468551305
53.568575544442076
54.27936526764289
54.62574882603769
54.560429128385024
54.46542392062207
55.29775251627278
53.72730909406934
53.56877175211815
54.00215404772331
55.19526539183311
53.76911323623152
54.89860604546544
54.06150437651094
53.915372226332444
54.403504277313885
54.90589999341212
54.53102600418506
53.99030848531787
54.94322535584082
55.31098626408721
53.426787833939876
54.647478092366974
55.35334947062834
55.29916531205083
54.77110949420281
53.703086422346026
55.09489411089243
54.06869619109105
54.54463566366236
54.68831706913572
54.39043303393528
53.52148732006764
53.53306333967936
55.153365216232125
54.982017342676485
55.29180058527841
54.38883490642882
54.59463967122059
53.951718827410204
54.808279845693455
54.728109866570314
54.950446854466364
54.67510785816608
53.584617775876254
54.5833270944164
55.11046804306029
53.477978210909306
53.434172366256554
55.031670310484074
55.384343681904156
55.066631724905356
54.80384676225426
55.31974990199769
54.374676375898375
54.302034742351196
53.92254356820415
54.304812314013226
55.19976522772706
54.38815924249953
53.959507431691094
54.53279107450546
54.511384252790485
54.04482123232556
53.88786758558864
53.77351036516369
54.25291734206466
54.735328307584986
55.248692956416406
54.333355037324665
54.603161923292895
53.51924955726034
53.51087272330342
54.9657184765268
55.051114223422694
53.600620097773486
54.22213453384136
54.699541723375845
55.04704847640789
55.14189247118808
54.64651265016718
54.406255477723654
54.175202606760486
53.41394774512289
54.08357911072776
54.425438229937434
54.29338259886153
53.85247853369859
54.56474989794382
55.069502697604
54.58479866356075
54.09105697095405
54.12197906311543
55.32772278326638
54.96744527796399
53.54119912589776
55.324152456059565
53.589914289519676
53.806337300967215
53.58973965058964
54.27649486018818
53.71008117492989
54.37391565604641
53.98382801630858
53.778301957000025
54.230340035759646
55.00393387489141
53.47385954805542
53.83430992231665
55.0854358039586
54.38413903809647
55.28465355122011
55.21501537463696
54.60816040762926
53.93305868961752
54.48519083169176
53.26125795640019
54.15598730992022
53.70620730591255
54.82722333537402
53.62837825363033
54.179234551726076
54.777023583550736
55.12306872992533
54.165263051629886
54.05106833497749
53.5378522007123
53.7329013284828
53.623591243143764
54.479660353045915
53.866281510080064
54.23185323617196
54.392592043934194
53.82281026429666
53.60215074403884
53.827237312876214
54.95462869807718
54.12534730507616
54.28053814497994
54.59620468567871
54.256919521636505
55.19962200603351
53.56604337810984
54.11414931342134
54.69470966074079
53.56940172494025
54.333676280309966
54.54417229209018
53.901205099795355
53.59748169006508
54.84166451268512
53.75791800114062
54.03958192332521
54.61732453711079
54.94149266208605
54.558095002988914
53.79238360397743
54.38904055531061
53.77048546355151
54.57299392989407
54.743617964173524
53.70002146177855
54.87224722701951
53.89331486812507
54.34886731409696
53.43053954718198
55.19027030416579
54.02161708458524
54.18872357741918
53.90462577179002
54.880025051248374
54.20470293523654
54.70086102828088
54.84653816322793
55.38484366188005
53.71924911341967
54.086059300297926
54.763133722461816
53.7209105193228
55.180997509546785
53.583489365614504
55.07245615791948
53.41667142732504
54.44781784188468
53.810574027186014
54.79885201352179
54.05197429458961
55.18695523887621
55.36273691871504
54.15492740622205
53.84225379580627
54.676774530386375
55.36835106368465
53.83065825175251
54.21307245022629
53.913314383617355
54.19420049617417
55.309966417692586
53.810330715218534
53.591963354003354
54.996766933674785
54.03507371398251
53.89145846127885
54.03457064410281
55.31465415522383
53.738947396793606
53.54290023221726
53.632303715304595
54.39746259661583
54.7661484253263
53.66920741695365
54.8745656794763
54.466426622294144
53.702395745115965
55.19904873826892
53.53428463027235
54.602127089989224
54.13315904441167
54.45345282569223
55.079887766724106
54.45459129517846
54.851592020411545
55.12159420336521
54.884272096300954
53.4710936713928
54.33611918306515
54.78943608753507
55.30108541943047
53.83696851388117
54.81798842694166
54.46654181625568
55.178628622707535
53.824748624198676
53.75910199654287
54.056368052628706
53.88169320629796
54.746940770700476
55.060437971251666
55.21535180768148
54.39164532608611
55.20775235424562
54.82137550624278
53.54610363445198
54.55506996314783
54.84907989097076
54.97023561281944
54.57002030597639
54.05128654580153
54.28607317989731
54.586350401578606
54.42462836017416
55.14904986033628
54.427587063632984
55.23397279538579
54.730972107448004
53.82274714353599
54.8768333833327
55.12834021670726
53.57635779691818
54.298405684836844
53.60754543851099
53.454203436717
55.05776659833544
54.599821846138326
54.61096801480695
54.657134195034196
54.331249421795185
55.165124828727095
54.70898476875326
55.02792326924695
53.61261541273337
55.10408765995605
55.22869604755146
54.40038234975836
55.074726891007096
56.16649752214374
54.73375915642237
54.28286117559312
54.08671336130181
54.99189829866781
53.50780407702815
54.24379348041596
54.74041681232517
54.71101777264207
54.98523672404053
54.87158327890581
54.10938121515153
53.46919147398234
53.82474249003216
54.12914511724291
54.185698125252735
53.94209675764004
54.820802270073585
54.423409385719054
54.9400214922943
54.414108348849474
55.348534148346495
54.21010660035007
54.45006386535466
54.48958877425508
54.53717211859201
54.45414203462314
54.54288642709433
55.007425793932995
54.86749566145437
54.76587408671709
54.89629556607338
55.229129403807015
54.38852153563786
54.53360798684583
54.04465846544742
54.870800955607145
54.24877099498953
54.8726184237782
54.23444995530464
55.04928668074851
54.73742469739652
53.71101226305053
53.57484347940302
54.7128284782034
53.53067769804661
54.832745308454506
53.4286584086691
53.62652417823834
54.338607195272154
54.198104473031485
53.48897623929316
53.48290997817618
54.6478655556365
55.361968223371186
53.486738578334325
55.20797715774697
53.75551085434937
54.31015810885852
54.97463848609499
55.03293629172822
54.78928777059469
54.53419347970732
55.1326189275443
54.402040694909466
54.90967123777012
53.66476186269791
55.04028952952108
55.28678206376174
54.38898483885555
53.48421803723055
55.36157538109471
54.97677078000385
53.76290761350854
53.63842361005943
54.88690929733176
54.9176129314754
54.74968044754015
53.86823990780162
53.87828076230636
54.66609751388603
55.13232539844469
54.08098704356849
54.66245388057282
54.53300501948474
54.29919036443321
54.08218071021494
54.41766646515374
54.98385109973619
54.63813103503395
55.28786052512957
53.59912361944227
55.3678771786
54.47964355888982
55.23782095752058
53.94859700229863
55.04560031769209
54.784259434682255
54.23005870782387
54.5334437148848
54.485235625534365
54.26951595650346
53.896747912914904
54.76035646045338
54.398303050235626
54.17181406233322
54.04205652521008
53.80915726160595
53.48473102824638
54.33847660401772
54.56211579068238
54.43194818927704
54.85777006532671
54.84531920033103
53.76745568213838
53.56293071740708
53.719028111422155
53.83504622958071
54.9282184661014
54.684206427403446
55.353940671476536
54.77178488329741
55.3624635129675
55.39287209196321
55.017987886405535
54.807068690080406
54.88787479862219
54.11472068516514
53.783971153730974
54.45258454872621
54.95718472872532
54.40986157192173
54.9206620436403
55.25499439659003
54.29762625539246
53.815572392274646
53.87313558823281
54.66814479234795
55.374725382660834
54.671694388606724
53.41510050600211
53.81797671630148
54.500747446078336
54.87388451081792
55.043539348287155
54.35544789881667
54.90810912869321
55.0000364498698
54.18597051879369
55.09278053138268
54.60806857060288
54.7551830853796
55.29064486979644
53.61834662617825
55.355006502914954
54.18019260197673
55.36998931786225
54.58550350610202
53.53661074837764
53.56957166907341
56.06761010819855
54.87069191467269
54.31027634898056
54.543686940384745
54.819168274775585
54.29610968969074
54.80603397570736
55.22071825294855
54.17743934418152
55.11227261089937
54.716319670502756
54.93365592936973
54.871870411504084
53.93577585727464
55.092897100420466
54.43765429644085
55.672946651099046
54.33756796730452
54.671246402194704
54.05305413678807
53.63167980939391
54.77705003753222
53.542730722696
54.68938679764168
54.7645316217556
55.077312604066584
54.494854160984886
55.19567206243272
53.75408379159974
55.13682280822438
54.83992247074404
53.9823225540186
54.73576796550861
54.07287397808288
54.05242000528494
55.35996690934948
53.7409675660527
54.492110927462186
55.03541466624093
53.54050483710507
53.8668042157286
55.08344228455181
55.33630411462556
53.74570556795675
54.74292137366703
55.22865361363694
55.13221463283879
54.3686630026998
55.3655771883672
53.82603286565639
55.3053665966546
54.633420036486
53.86936000767493
55.02232113128598
53.42871748383677
54.69807388918653
54.3068378191039
54.04830120085496
53.98219630391023
53.64667576948155
55.006455136223344
54.853336055423064
53.619841195298896
55.315236568595985
53.57898948337984
53.73417031486621
54.80815250973538
54.39715204538844
54.142879727878125
53.65330684180453
53.65597466497298
53.77335888578809
54.83873911224287
54.442270826866014
54.25621865357188
54.51253517279264
54.20336533999468
54.585074254473994
54.35973769902823
54.48665684373702
53.4735602844401
54.77719320876237
53.7016690646052
54.047223775354155
54.39007162920532
53.95536983102184
54.80055389518711
53.70746646238992
54.571969263333386
54.99355283369377
54.55054796340516
55.27584730282246
55.03176857576148
53.760287205123305
53.42703584110597
54.3861679769889
54.90161336769019
53.73286750182651
53.62596081606836
54.869596143907785
54.94083098959727
54.86356570520996
53.95718294092907
53.91392289739699
53.89517178065783
53.89324716032904
53.81217841339156
52.45536502483933
54.2780458196549
53.80768654219884
55.02639158689367
53.74822298965478
54.644069020438685
54.63189657748239
54.95655342175598
53.557708367407265
53.92523162572213
54.25778172038979
54.59327786970158
53.92125238676192
53.90000075974186
54.500430091758346
54.029249361019346
54.92360854526139
54.36567076412461
54.07835491157176
54.103313140581214
53.43106174089867
54.08427221752876
54.71299916602212
53.54078205411889
54.23005624870519
55.07235397434885
55.04281532051814
53.410271247848804
53.515555117442034
54.30494898894217
53.547232374330584
56.21737368249595
54.17444365833969
53.40403764971774
54.175823841516646
53.455489251008885
54.80928925824756
55.381820566738476
54.877987687215544
53.934119313231626
54.94777005502814
54.00911335998507
53.72845184866037
53.70493998816779
55.38308540791173
53.87917606248482
53.84391748758582
54.90596588299231
55.09065976187336
53.73728978976177
54.78615221756868
55.344117316323825
54.66645362850934
54.146392649061774
54.646846123532946
55.13650356427944
54.732192850341505
55.05908782293072
53.50954307027632
55.230733920226136
54.25282973691611
55.36633647115178
53.483959625511496
54.124570035523845
54.21154805918919
54.99314726803298
55.0080040793779
53.605231436482384
54.58762437297841
54.611575979009935
53.61280831805095
54.82866677585651
55.082458477536996
54.541346640235595
53.84608495889873
54.55910344425833
54.539085047896094
54.90840778982513
53.54912180445846
53.88918814451461
54.50047955995563
53.63173529952656
54.18272690185128
54.261030532807695
54.85197032345242
55.308695180979825
55.39743613079733
54.108462872354174
53.99306972688461
54.569278109049556
54.54329602570407
53.940828056779935
54.484036733038565
53.96951878307471
54.31453406791457
54.18860812938176
53.61248338647051
54.99441236025881
54.22442970493146
54.631206534602484
54.8253379229321
55.24064020287508
54.10569736412783
54.727195855381126
54.47147651193532
55.349417784458026
54.33169529890611
54.66734419819902
54.80033668438175
53.759777577801216
53.95377169872889
53.47073199438452
54.661824729771524
53.85259829471746
54.450061170825954
54.944272424200854
53.852829235748416
54.555694298759214
55.28104411278609
54.82594778362263
53.555653933664864
53.980276784372805
53.94718063842553
54.93207349530829
53.81368179940601
54.15909960491104
53.74393302155393
54.62890388671454
53.489583170825185
53.45660225194873
54.909487828291695
54.44889058749388
54.65138020355894
53.72136219777338
55.36049067437933
55.171906938964234
53.83168041167294
53.75116953562928
53.71110667057999
54.191750832413895
55.10539157020321
55.141035995476756
53.77071798759883
53.48823837065297
54.43123053232911
55.08445116553676
54.21557197614922
54.025200516254635
55.20233864057386
55.19819839971386
53.62969197394404
53.89469608947302
53.45131585263518
53.94104227259229
53.61036308785266
54.02775263853113
53.65498660396867
54.69660141810391
55.1335058429612
53.79194838135267
54.584209274406795
54.090717585382514
53.87425006128226
55.29614738218124
55.14404241504651
53.61363491181608
54.678021280706574
53.72270049160858
54.64957973679882
54.1173010067708
53.877452538878764
53.50742476479809
54.48276661450193
55.25810248999261
54.650433549467515
54.68767351389646
54.57551045071806
54.45534787456112
55.1146106468554
54.23880987333236
54.66439760841216
54.43580985725657
55.35364876675934
53.71939598929143
54.762329271533496
54.934639563487764
54.07056897291757
55.04541072696784
53.79238854036727
54.62296568881012
54.06347388513863
54.713807962178166
53.82925188063638
53.83249044343217
54.21897259659857
55.2957284254435
53.89345659247043
55.147395167233476
54.2186192387225
53.51967726943376
53.74383740332115
53.43386786441913
54.65367581296101
54.76497992554887
54.61344470030732
55.377565570037376
53.74351337329184
54.28582879305972
54.33425632887674
55.09932378258425
54.35296320693752
53.986233341484585
54.795996084215965
54.919424995753374
53.50393056230972
54.066185797095116
54.184371165021915
54.84073991956029
55.07658368925808
55.35935560517519
54.944040866700085
54.82105290235901
54.89543066612847
54.68262404916495
54.911629513760225
54.404884503230164
53.89559628697016
54.017772859063484
53.564095476340555
54.78512372463621
53.5646116175073
54.84563820512354
53.82776958355585
54.86478206506159
54.35502904455713
53.45304308964786
54.39337446567597
55.389182631690076
54.2631744589348
53.532820829321615
53.98233833154532
53.71889562347119
55.26935024589354
54.89724140409406
53.509714787755705
54.31373406537774
53.83480055922716
53.62515403559618
54.58902192286076
54.49812111910749
54.15075197193838
53.463157845613296
55.324312635673735
53.578142329490525
55.33484173955916
54.80111337645402
54.83478893919834
53.88059468319814
54.2702463666953
54.042307553891526
54.45727277057732
54.784345287671854
54.28282269798015
54.68858432317553
54.07184578528898
55.31431224722311
54.351574358120196
53.96075367290132
54.495970382854004
55.3683799928791
54.04775586652565
55.27459135174015
55.39240490421891
54.14756168762887
53.89792681907482
55.39274230574167
54.63622523317732
54.859721246767236
55.36626895424411
53.5728393812535
53.58626522045475
55.267167401275444
55.15147821302999
54.53215069369759
55.206288714161005
54.148432358837375
54.993544744005405
53.54906781819614
54.48120533211385
54.244547475529096
54.68573282882658
54.52174708469972
55.07364292365092
54.760128567286195
54.48707369443373
54.30421701277866
54.666188871334505
55.98958325928567
53.63068347038373
55.140263706794485
53.93461268842795
55.13875295764343
54.12321882542456
53.515407380723
54.59738288211228
54.91230164784878
53.53078270566246
54.24728196745605
54.486789837967045
54.93716474508711
54.94659305115817
55.13473072853396
54.08698806821307
54.59236944091302
54.83572642156496
53.985930132060034
53.48426977295623
54.31554023336074
53.952249362941295
54.34585442301078
55.17488208835452
54.956400801832395
55.02405011690319
54.743393705036226
54.675701207743764
55.247586196972854
53.40068295290597
54.77843773444658
55.383075019487435
54.96307658137745
55.35953762051248
53.869238111369064
54.6251475816964
53.834565701580004
55.265646455757256
54.98036108367254
54.35297736070606
54.79607659376589
55.280442130201855
54.15154396156788
54.41576173389289
54.627136556268304
53.81477725058758
55.1477671945691
54.865480831107156
53.564824383030796
53.42152009408193
55.05085479579883
54.23627239574011
53.95500214441384
55.323037344298115
55.112915478247366
55.24385108242909
54.51304401779035
54.26887729352025
53.69193732207958
53.85028367870356
55.2643747076276
53.9189658813308
54.58984823329054
54.139433652674626
54.73512997240152
53.44762755985788
54.61335434225201
53.94838697600692
53.463251485116544
54.56374420520524
54.67786980944476
54.700171804711474
54.400329185526914
54.642363931172085
55.27484960577349
55.383084995178685
55.274502829291954
54.163072980122045
53.622838094009396
55.12193703961221
54.484735728248396
55.15044238319561
54.32254600693729
55.286528860218844
54.596773206596225
53.811862549824404
53.83626842523492
54.5826723592395
54.01109788801253
55.0680780300843
53.6119556801092
55.07106734461273
53.87319462161193
55.17173499889832
55.17225030525742
53.559347667128826
53.796437713111104
55.1092537801321
54.98880254432368
55.31260854811613
54.46791236014499
53.981339302319476
53.4621761228082
53.52772794841877
53.707483360423666
54.05744155074139
54.82765784858215
54.516794389840946
55.05042345361346
53.69947874368277
55.3072828542739
55.04495376689286
54.423913546067354
54.85013593834057
55.32838789828977
54.76798739610051
54.98772758161972
54.28105085543446
54.129005983147984
55.21493433245264
54.70941468009934
54.29620047735947
53.57041400753417
55.26106988732295
53.744290397805
55.08579980660092
54.47714609980958
53.53655312412087
56.190550610766124
53.42602617533795
55.3247856457815
54.71605593656141
55.28981944289898
54.919881252915296
53.59584780910058
55.13468587485972
53.64344463557292
53.47450293511559
54.624065482588954
53.67551563766525
54.51485242144701
54.210240170882614
55.24739116921847
54.37403126093072
54.788274241109136
54.496803014735995
54.090027090292764
53.68481193643194
54.65415827434872
54.31180031977772
54.793795974849274
53.85575374445344
52.591578079891676
53.616977404234504
55.019165408980015
54.35514986082687
54.717950436260296
54.947466926000324
54.53623791596518
53.79693947813376
55.076375765371296
53.90936435934986
54.226019243587224
55.30943849299776
53.9309126801919
54.780941621211625
54.3122777596761
54.79286400556302
53.64009990395673
54.912810703107546
54.644306791503574
54.01096516154307
54.179037564201266
54.1223498577699
54.35090297399005
54.96207308329146
54.880340706783365
53.77770546314112
54.68587311289397
54.474882256365774
53.464277286468445
54.766680875970984
55.3853814507556
54.47427568590263
54.928403225929834
54.045826157675926
55.357450571922115
53.86250668101355
55.36700708286219
53.96504002937844
55.023928147350176
54.461049507013406
54.29067684255358
55.0629973576461
54.135231637925884
53.95843145076722
53.516301092492064
53.528713900377106
55.37818421498064
55.30935903070511
55.19781749868373
55.02456186767166
54.5972538826324
54.53045025604121
54.06802070614757
55.06604759500246
54.9495083006717
55.337886247891866
53.46174232994447
54.65366463020375
54.81359802277876
53.572294022520566
55.19071553173459
54.352134708784085
53.773080633889826
55.85617349608529
53.84043671411015
53.51234865248347
53.49439797995855
53.42918052601694
54.55933663398258
53.8313199785044
54.81981955507583
54.6065792421195
53.91057386960261
54.94546383548285
54.895663747455465
53.80617585504966
53.85676256996309
54.25251377050649
54.65611044138284
53.58904601807491
53.4479472870527
53.65738821308955
53.482916542523554
54.65936901755257
55.283137669076616
54.43732008938217
54.36134737234615
55.268680912732094
54.31571487633895
53.92156149722728
55.35263667624767
53.96985872313157
55.07302287043226
54.1809760059767
53.70328698414212
55.166148901677836
53.860456512934626
54.42283136104554
53.411523708850474
53.40055244518067
55.020359311335206
55.286104486564476
53.57121491476745
54.83087816669719
54.81604341894116
53.732612147254244
55.31356929277741
54.83577852281589
55.01124393672512
53.7292789989691
53.66692506365625
55.19707828362
54.71532043679057
54.41685598670223
55.15494224162351
54.80371045326089
53.56451806833873
53.96040128143597
54.45351075676402
54.32257069747662
53.80960058466901
53.77683658051922
53.92668661466372
53.78160350879462
55.380168173637216
54.33489103746086
54.36196914332194
54.510431917096554
54.495972146981494
54.222745332896984
53.725231639794984
56.38384419980181
54.89553932623686
54.67868849534771
55.25561734904656
53.81344896721395
55.25241840416558
54.28009999842234
54.720714592477
54.432812121990125
54.84936101511614
54.98606934075732
55.15232171200807
54.92138756001598
54.08074968892998
55.22896600787492
53.883116168735995
54.91255420267533
54.85358561552378
54.25027206695039
55.2045390431749
54.43107249439581
54.4573481116445
54.37599001055359
54.46620800950443
54.805271510047085
54.97303914905856
54.426938085451646
53.937170969616965
53.499280864055365
54.791724522747884
53.95924615467223
55.24931319586081
54.810618550909595
55.312884765054726
54.530364015989754
53.743230153373545
54.87844773173129
54.392888233713954
54.6858948227027
54.53687874659391
53.947815220810014
54.61389851113923
53.86256661764901
54.63731935456129
55.33518380760801
54.943529183651926
54.90265368755476
53.91586111646936
55.040570944618416
54.855557884699145
55.37516049534327
54.26692311520486
54.45160642831901
54.48201259624417
54.39908143231941
54.77092381602996
55.0848216483094
54.86694252450926
54.16404758323436
55.18151148264504
54.80948245072824
54.89218596310876
53.843674059070004
54.55744761486586
53.49927895099767
53.9454477130723
54.096920029321375
54.35945668149504
54.55718376084629
52.90099872611579
54.85277359300594
53.83235352206951
55.258792009361265
54.48331013832854
53.573574886776896
53.99276215299976
55.359455353177864
54.58393452454705
53.69228895842165
55.04273769450941
53.91052199955129
54.60194649588032
53.419041580605295
54.52960397669916
54.72999611461093
55.37825563456997
53.612230084483116
54.07231956932356
53.47292862564054
53.794103992958185
53.909521985710604
54.97468483830851
53.74685161249303
53.6040603013805
54.814053825201846
53.54570183482452
54.21756965298879
54.57382419954134
53.93114265443783
53.44740064812369
55.1506197660633
53.49315220405557
55.05082278139087
54.890443327601155
55.33371273636788
55.13421853299886
55.27152001315151
54.997819407620064
54.82546887969937
53.72572266406291
53.860176413655296
54.15694415546212
53.475759617352416
54.01305682166426
55.04413752947397
53.68047290539039
53.66296838070614
53.4748451950967
53.43011478914401
54.596143657168994
54.193482974098096
53.766168127779665
55.24553581875845
53.885960542067046
54.80873165069855
53.95878282637287
55.09759470874289
54.99503046880196
55.2450758490019
54.648654202338484
54.44531513845428
53.93036583557159
55.291871740340085
54.50110743942476
54.479938557436164
54.76996533750811
54.79301328171511
55.303915229099964
54.6089501362538
54.90248565139518
55.037269296884595
54.09863214657924
54.23905517748139
54.81781645911484
53.48272678825906
53.46048834951388
54.0534175225729
53.7688713383459
54.260653375073886
53.497155802142544
53.478473941589726
55.124907026684
53.40409110509835
53.63669847681712
53.53563575839477
53.73668312576873
54.24649422242001
54.77502016783634
54.77319069990823
54.13377574996609
54.93572342168901
54.85312159301722
54.4737176674474
54.87435636662778
54.50870903725026
53.43447953876907
53.83232650977494
54.86774940698119
54.47209547403045
55.352860752280186
54.30103545117432
53.99008053542176
55.33417993955555
54.0008828448436
54.794598894927034
54.81332818768598
54.033457441239015
55.329634507600744
53.95309785317877
54.768090936228994
54.70908458677582
54.12966827230479
54.156605470249346
54.560383367790806
53.758575150160176
54.66367753723736
54.487240382112205
55.162772480132226
54.62803924080752
54.22117047993263
54.33392015558051
54.200167685255785
54.28027920221155
54.66545426067377
53.83512759462931
55.05057641119165
53.78605430113412
53.543240156561374
53.85500193387342
54.481138046937026
53.98382681221821
54.82718462454301
54.68806807915939
55.139749042193
53.653302348783356
53.86167614344197
55.18791584078552
53.72259069949325
54.148076195327505
53.58218258005469
54.515141887174515
54.137873468746236
54.93269883522145
53.57847001713967
55.1998668860535
53.48610908807042
54.96947312947435
54.07200670058252
54.71414051626241
55.17722359118247
53.4002949840508
55.37786341608902
55.249546236100194
54.0048240302352
53.468850751379556
53.92142393778981
53.89531928109146
54.4979304293481
54.128483486656364
54.38021741045136
53.91228961317016
54.37048654788399
54.281040812842804
54.02118519008976
54.2979623553898
55.38896119223206
55.092016500062314
53.803694854048345
55.33804881996478
54.47835307400558
54.327298498394185
55.318613801027425
54.33976005280479
54.386911057722706
55.156836259923594
55.13375483920272
54.242175361596786
53.72988322801229
54.37053891185675
54.61600643624061
54.29899895759065
54.73260663431426
53.451718055332364
53.80045992503867
54.52901644798619
53.49325005533176
54.45338640901177
54.37684647310995
54.1295642345717
54.085522997210255
55.12272590816621
55.36359579651513
54.54832389823841
54.321662775962565
53.21903667205865
53.539829828592474
54.40875463992226
53.4960124063765
54.4704806142514
55.20560322008142
53.98447530625447
54.92950199729047
55.11493079571258
54.3407034487561
53.417909830431384
54.63534579432837
54.47024025064922
54.73232293670536
55.37850748247464
53.926267614682516
53.47924205549215
54.141916027881265
55.355850612002826
54.283566978948876
53.67479328317594
55.0815525535005
55.282963050923826
55.30833887831835
53.51017546250503
55.27008147867047
54.685130950198115
55.075158990389994
53.50016414004592
55.33941625351649
54.04954884555322
54.70854735641584
55.118079463981935
53.86125484064122
53.61110330744493
53.50252303359779
54.894131266539006
54.26454698096577
55.249607163860496
53.40356188587991
53.66037010248301
54.71402064160365
53.693795831695645
54.17727022057188
55.38755764579109
54.52008102738083
53.72739950525968
55.079086687566516
54.5592680957129
55.15039369732161
54.592602424716326
55.34932531239997
53.52853397942285
54.413465152812535
55.28620277929938
54.35287134976065
53.802347957775794
54.88453260267688
54.94378504925607
54.6838433800383
53.69933412567546
54.1440761973659
55.00721784961902
54.05553364844386
55.325900041039034
54.899265512005364
54.37078894564908
54.295938862297334
54.316183286791436
53.55865325757922
55.20129096498606
54.269194921229264
54.281104410820525
54.33042855133171
53.627369640262344
54.04322685712
54.411838483704706
54.41454223393152
53.99344722804791
54.12392762243496
55.18301826653351
54.3590167879968
53.87353339981777
54.07617731670464
53.600981601161955
54.150753151809454
53.540236891560184
55.3520157894528
53.94237477842254
54.11114744475352
54.084289239141356
53.64628141631582
54.428425107583415
54.1668294959747
54.87989404995757
54.600027630650914
54.780195023722
53.565835969278545
53.59121404696135
55.17203076733529
54.100129928122286
53.60953061651411
54.415307830575436
53.49870084575769
55.0252125304988
54.470584169338586
54.75683003999368
54.56270856558212
54.59703620107995
53.66732614829019
55.02980603981875
53.49064033600038
54.79410972882464
54.26478132258184
54.78179470922773
54.799994001105574
54.17170609811291
55.37270332306061
54.83575136858635
54.41582849771355
54.55456754607425
54.01091753079786
53.64490318390636
53.7773785138402
55.22777970660928
53.912286444109505
54.55595014204948
53.85494805471377
53.57112708836723
55.33360936334927
55.17590323671772
55.397394744489446
52.58224276724091
54.44476910453617
54.537873449871796
54.23051717612095
54.233864019100885
55.36643851993218
54.26112273648385
54.926658344550596
54.110507533289635
54.42665877667197
54.400690850585896
54.66583725215516
55.26987538125462
54.70660254408997
55.18190947384
53.6087215874984
53.77430563416074
53.44583396634057
54.31511663522529
54.60175325340334
54.83757878895984
55.37737831763715
54.0858837622364
53.53474019673799
55.03239370304278
53.562913797851024
54.91606830748504
54.17122630102668
54.50382445027143
53.798397784650504
54.59100332252371
53.77195215353045
54.634071545196306
55.1604402234389
54.848138040370316
54.33171917806575
55.10381932078631
53.763736515974955
53.52244061503538
54.74996933425735
54.79551247434257
55.299872574033294
54.94387623016436
53.755393753663036
53.483863969254244
54.427814443692114
53.7822729320909
53.904881395879
53.75890663671596
53.58639473447181
54.03488766925648
53.477121616604165
55.126901872058895
54.299109197684984
55.351984878391235
53.581172311917626
54.73441641380942
54.54153471964611
55.39574035273124
54.300306472764944
53.660881330284234
54.24168229761864
53.427782956184174
54.19144948445981
54.22494448495807
53.48359690489778
54.8206864269806
53.96051969227237
54.24992963683723
54.484517082749846
54.68872358140299
53.63398502984677
54.73371447525532
54.91590650833313
55.333196219112004
55.04694776958317
53.8683400151675
54.63866997398977
54.69765245951708
53.968070027814036
54.85466402488858
54.42286681679525
53.528304169960826
54.68165284386923
53.45737089745021
53.72223359300489
53.43495739235592
54.347180884714305
53.74565029479579
55.073828872371315
54.547767609480296
54.95664537073921
54.96485764654042
55.193112826140826
53.96513310029597
55.209958302561894
54.98446804275328
55.33477348532461
54.6880380019798
55.12876931782527
54.267637064425486
53.98961307320993
55.23615861115367
54.72899892840443
54.80768019538905
53.48780585657336
54.64104449729889
54.57239986933373
54.976783986821005
54.578841172880914
54.011687379697065
54.517459222085975
53.73226093102264
53.558462794815256
54.36779024985293
53.489953892879534
54.12566084307884
55.01291878115303
54.936049407619414
53.593472004337414
54.56005125843055
53.750832364384856
54.60476113302134
54.38021249805211
54.74077924263396
53.99300830722316
53.73206657096859
53.602375551083746
53.76502704683357
54.390485829733386
54.003146744570415
55.264456357265
54.29547440755413
53.94115118322804
54.53167982882911
54.29675483163693
55.26337961141425
54.375222477676296
54.90087428425583
53.67041347596478
54.04639204886089
55.079918840391024
54.33938913282061
54.27429594875667
53.56640877985867
55.13362673626323
54.72745469265739
54.374019397298184
54.25278752270921
53.51987598924178
53.62850602251151
53.97345215635261
55.316228425021315
55.091437634973936
54.041641334368
53.89899000515018
54.27863772836185
54.354856576438046
54.07021844481207
53.926923228066165
54.20428465742825
53.645731157583
54.20190115103106
54.774206821244846
54.577565464836105
54.765052224474275
54.395468289084896
55.272946790923875
54.27268609647323
53.64691463832735
53.66969835873207
54.54891457279163
53.560576231322116
54.12791290095763
55.389641295246456
53.5244023542193
54.59834736769609
55.38853408054493
53.94559079405268
54.565731671427
54.34660748627363
54.13686042839864
55.0200693795629
54.59572786971062
54.35994432112635
55.104893757034574
54.138138327641734
53.49147281368982
54.39589049928186
53.92781452159239
54.696345750669266
54.087648629418894
55.28768220748817
54.97648819644544
55.16562434368124
54.6057843735828
55.02612469142413
55.21353083104943
53.66345226446917
54.82971890335822
54.49587629072618
53.64324698782933
54.5905891378578
53.84759191666776
53.811464389581694
54.425752050459
54.527699420246236
53.680675795657336
54.698344822346336
54.225591792408665
55.08717641103123
53.61936074466544
54.86431821824399
54.86517129842286
54.91547868506295
54.586605900217755
54.80661477990306
54.85330605429806
53.54129177081565
55.34916850198454
53.999960875479644
53.85920781916334
54.26482757858058
54.89692417476328
53.9109395798713
54.70221706745313
53.78357397122983
53.81059036572047
53.78395742718475
53.927595583350865
54.7498069669572
53.93816552501915
53.64413018051366
54.538690652166004
53.95517851788793
54.200396893629765
53.46240016431175
54.95578408869633
55.337691206573794
54.845588815898836
53.928197592888296
54.77193824739267
53.50637404106186
54.97406439596956
54.77495794857324
54.37615161362811
53.97897031802446
54.65259323519255
55.10380884145646
54.01413646361539
54.82795091507462
53.43909727985935
54.6507378827079
54.35703120717578
54.93016518874869
53.63794750149588
53.442554839470375
55.14835946876947
54.51544225813514
55.10616390098437
53.78695982684914
54.99954913193841
54.20945480592773
54.930831305431
55.04203099870507
53.90432329826338
55.26615798316686
53.798043702367934
54.110443090444285
54.54227565582944
54.185116369011375
55.37368911827069
55.10373035001684
54.94194320667936
53.40903069263591
53.51638794989235
54.12190576166021
53.573688386313066
54.296777611322845
54.64289703851768
53.593749010815564
54.44270324159069
55.06727444555911
55.066292201923524
55.12307648056041
54.25244831104501
54.90948176287544
53.627241499247404
54.28630434217764
54.2088383226176
53.95385605396507
54.43868172003321
55.32661890937319
53.53548793397009
55.3005651096975
55.064210923998985
54.19006542307033
54.270328900227724
53.799778685290896
53.95050912046428
54.848868437915016
53.4139123562427
54.77934671753205
53.4340997202669
54.35729624401912
54.999708030368225
54.41517796442969
55.142764609065885
54.58538149669803
55.156712691022605
53.939631020265516
55.11192468509898
55.07581109867719
53.73468120765641
54.38323085855084
54.43629887420409
53.969297313808916
54.56229170783801
55.04502275154514
53.77715416552767
54.44374284384953
54.908558197169505
55.38687673374554
54.54545832472382
54.612512458286005
55.217802377068004
54.54705441329999
54.081249392689024
55.32712335741911
54.68849792281612
55.168351194445115
54.64953259845612
54.82966738023278
54.766298822806235
54.73612611725283
54.57301866018192
53.70027659650683
55.121565384109175
54.12153197545528
54.32201510123009
54.044945886441205
55.18169940098357
53.5252580527427
54.881783676115006
55.369024151556786
54.78860148050899
54.517097974391035
54.21767572702326
54.08168697037948
54.051562960732376
55.366655506352174
54.158358669986896
54.076703400655205
54.96590498337707
55.360500247320594
54.517445833756156
54.33480904124767
53.867676992591235
54.30108629922916
53.77384179246346
53.99299807036788
54.294727266488415
53.882745757379716
54.13111644330661
53.826046805420994
54.3244584533117
54.14007050799246
55.27621932959286
53.58558112859024
54.958579392770815
54.66399350382758
53.657848041517234
55.142000487356455
54.62516737157529
54.780883288785205
54.60478182248763
53.874570590555464
55.368351750986434
55.38996337427078
55.104493721631876
55.254997792293985
54.795932534265965
53.65436950807502
53.56235353788626
54.06979741843664
54.35524610824499
54.241157109107895
55.361734136341504
54.22676817861863
55.007589983455254
55.30557129778804
53.545333575960875
53.59088612549071
53.87152039127316
53.9148921679562
54.438025465433505
54.794929514389445
53.90533377275674
54.10716792382916
54.53155017999284
53.470147920831316
55.199045734504004
55.28014788711281
53.451359549678294
53.84228760977348
54.94617941518386
55.10572845972685
54.325927040922394
54.13828614151087
53.66567607810862
53.66522412176549
55.37883665288921
54.748947984634874
53.744239918202794
54.000776326629364
55.06396229712661
54.59291446365013
54.869430330871076
54.77821241765645
53.5640507478475
53.62724006499426
53.42381373542806
54.25666717486733
53.973020214524865
54.94988740087706
53.41048702340097
55.26027981650744
54.982287340993636
54.43945409148039
54.98028616978067
55.34727848285612
55.39143499566853
54.377443224185214
55.13099140697989
54.871764952479325
55.26353352296054
53.99839048645437
53.648842365463466
54.133512169739
55.04542744797206
54.41315988435719
53.86267501294323
55.31108681219507
54.47330094530335
53.85072151589367
54.28099336396875
55.373609581021256
53.58383381073064
53.66372267035426
53.6822879855215
54.66646578579743
54.65126093366402
54.04316579737888
54.72891443435657
55.366278653479995
54.37064744127922
53.88750510868954
53.674843457984345
54.5004575901862
54.10769231851629
53.77147495382867
54.237595990728096
54.72663428752994
54.535372689740484
53.45996180738365
54.20467491086043
54.567299155464625
53.477741581159464
53.912233023930476
53.844806843574304
54.29495033262087
54.2811914242979
54.221834153473736
53.694305573460035
54.163067711390966
54.53349577689707
54.43746819713334
53.78887027673839
54.178224929102534
53.45094207288324
53.71016834253516
54.911130777671104
55.108651539015895
54.75386762445282
53.71207730533657
54.9242522794395
54.924557641935245
54.35091119617987
53.772145814721675
53.761912414662724
55.36553398192984
54.65229337257146
54.67406234111717
55.14496245489853
53.83033956343773
53.83243727901745
54.561726648667076
53.59508616504811
54.2843895697309
54.86224298186842
54.897580060478745
53.81576750125788
55.380255774124755
54.63132744051237
54.91910470625425
54.01088110017589
54.48649259643997
53.98054293485287
53.53880373134845
55.211216862463715
54.82010017653559
53.965086332797405
54.132976063071276
55.179251818462376
55.37793840718302
54.16851145060651
54.16459725133963
53.96248139847702
53.86240295537315
55.38795763067155
54.085619368548755
54.665622982654405
55.296677080215794
53.51090623822873
54.46400227552995
53.51200392742395
53.524870649052545
53.90377818667618
54.780788955342494
53.76444660074942
55.292359698006436
54.13268474434454
53.84253729627256
54.57596299569124
55.10163846013011
54.33664427045197
54.254420504246134
54.340571558834554
53.53899677524204
55.07357699898348
52.8993094946043
54.61454843055396
54.2673351175372
54.959390920556935
53.86814886230269
55.17842577837364
55.38042975273008
54.92047074690511
54.78693922914034
55.31004982272501
55.313960633345594
54.379883052739714
53.98563892308556
54.83901077442479
54.008614558816994
55.19760926670234
54.45429667071695
55.05275750669283
54.52057589608187
53.68511979988324
55.03172848136443
54.02470901711996
54.77471770025976
53.514601534956064
53.772051074520895
53.434675815329676
53.65580530758502
54.843150846822226
54.93438388171983
54.451903217237806
54.13302519547501
53.4722451973769
54.54103282381566
54.751048981299725
54.61315167364559
54.36280543058692
53.94946802897272
55.231408653457095
54.217663560403984
54.32616155717269
55.38340760451473
53.5096995809587
54.17912369115315
55.211233961369494
53.868320983946475
53.75671790054067
54.05213354734807
53.408243489612396
54.51666317253789
54.94817935683236
53.93417574863003
53.9892618618818
54.6081530998579
54.100057705130276
54.39165638345499
54.305915731443584
54.410408758654
53.55873249317957
54.28646050208722
54.364556236052024
55.185250505621966
53.91625879891362
55.19833240454772
53.799207411053
55.32598682768824
54.62107177677371
53.638393853673534
53.76260472631042
54.070993129785634
54.85443797861172
54.749112337615685
54.55563754952704
54.73889753482044
53.74296670412922
53.68603225861217
54.31550708100464
53.93068536939864
53.47749273590828
55.37658088924168
54.58291274285079
53.64403532763161
53.40864447394645
53.851262673349034
55.068579297834304
53.74519915050168
53.68940833301318
54.84255298269111
54.439437338169704
54.74373836445095
53.53500340283877
53.84680515981402
55.44476979196181
55.31542936533077
53.67037754737744
54.34448242014622
55.20263623822474
53.518650406276485
55.03563868983622
55.37402765405691
53.966888736188785
55.149562148173736
54.319732713030554
54.15468319360264
54.195090199850185
55.181394988554395
55.39268099160168
53.953573480403236
54.23764936620411
54.73315522991967
54.2066902522554
53.8923629228877
53.46848349242387
54.513062424159926
55.23644692919094
53.88880129820558
54.1775221002698
54.182031131260594
54.02890812973436
54.42846935957362
54.04536419939189
53.582508847818325
54.93290297176946
55.362037496091624
54.52040098160627
54.27798276241157
53.57885517118417
54.42334886900076
54.91871705855951
54.34846827054134
54.1789408644429
54.66364119762169
54.5670826371922
53.88729129523889
54.217993185252695
54.49721768017261
53.80934858782874
55.14447688411996
53.605466313834974
54.55388165483825
55.19655785728711
53.76205697834853
53.85877187377644
54.03344559059798
54.68108483910909
54.04660966037701
55.38829969461625
53.757628253224944
55.13511563176378
53.724342015966464
53.45443571083499
53.614652021772336
55.013781765500525
54.12402994553408
53.86688947733851
54.59185278534836
53.48325953894255
54.23312627056987
53.9966436399685
54.09161503624596
53.83414788882405
53.57235105131501
55.170838154057186
53.72594466373479
53.500436829654014
55.33407514851955
55.020901276633815
55.28499213908705
53.50437952081982
53.72981075175679
54.85424052763144
55.074838104406574
54.64757989360593
53.992120428652555
53.61980533277736
55.31985430915248
54.26860867212316
53.97625798537324
54.53783464782402
53.824952219851056
53.88746033157157
54.80685306525965
54.96410108308837
53.59303193396291
54.55716315728014
54.51495216500295
54.558965230288024
54.59294344027699
55.24285535027758
55.11072887441846
55.33155160633401
54.37327358695532
54.04863932793644
54.03717511024246
53.62935942433016
54.71727033766415
54.61252688232264
53.4500866715486
54.64362021738655
54.0342173043863
54.489787508705355
55.2696551405288
54.50071530197955
53.68257125493748
54.845012939388624
54.448978666473614
53.50996497235557
54.92017422777569
55.27320955456945
53.404804208039934
54.63810266603068
54.67685406971357
54.07023186929654
55.05581372693754
53.78074579816817
54.84472462679158
54.772869200368376
54.41376692302356
54.90117643038034
54.28149882277632
54.28889851852936
55.17281281022124
53.606744023079685
55.22212694332686
54.43741485964599
54.24228258914151
55.23320255775718
54.29407248112489
55.21975350721591
53.668276935387816
54.00729479985335
54.83153856036598
54.64131476854866
53.889359280254105
54.35789636112908
53.68395647634395
54.40460470760494
54.77166812829055
53.94603145303327
54.21404991986875
55.293804728094536
55.36876092722015
54.48407354131711
54.680786615964735
54.57118106013977
53.85150198333784
54.91444271888641
53.7025303356422
54.20564851931955
53.55330644613687
54.01811323065928
54.99570550192749
55.25379930827888
53.57605361525329
54.023242296868034
54.08428697641537
54.213710588968866
54.901981578572226
55.284234249718196
54.17542756045337
53.671842772893925
53.45687561502287
54.60155117454683
54.89653584192543
54.0633411100418
54.06986330967901
54.25258337003846
54.0891164002037
53.86605307521594
53.77512850176763
55.30389196603036
55.354685611183584
54.04857408774256
53.4008565810688
55.2751359852852
54.54807478184876
55.092634048370584
54.89072395366389
54.72499632187338
54.91343375197314
53.41013730384271
54.30324364117237
53.82940974210678
55.05824700533089
54.47516821003142
54.93428026656798
54.52242438228873
54.46067517470177
54.49127521704245
53.50804589897613
54.26999031115763
53.70553402774635
54.91434575148778
54.881890442676955
54.046996914411054
55.14422365412555
54.65138420838305
55.210198147024194
53.58786981982206
54.17392061149142
55.255506147435256
54.012702894323986
53.481040059107094
53.831345080171324
54.93746033562338
54.09253540700577
54.17759769331921
53.896415560654994
53.71399207356458
54.74931418176327
54.484442434013246
54.201104132282005
54.51335949227214
54.23259244263137
54.612243978694856
54.33880401747783
53.558315915070814
53.88097493233382
55.348524488492
54.46952269345324
53.8468703140028
54.89221523944323
53.426175345415395
54.41621237022112
54.05113882137941
55.16960770420571
53.6577211088851
54.74755103214187
53.65459934071268
54.18998547974015
54.90564333043005
54.04248578734579
53.64806214317643
54.33863761427274
53.45907584983695
55.03185164773779
54.60466874715065
53.656457550680656
53.887185349242245
54.81237809488029
54.454231534864924
53.44463544706937
53.939548266903095
54.8283953772681
54.77722671661936
54.67220744481461
54.56383798125149
54.8165542204944
54.938753290313755
53.6317731106015
54.611133471275366
53.408870016653104
53.88277005542042
53.78869502825822
54.299162931697495
54.589405248982516
53.90692355264894
55.26909178181784
54.00379424935035
54.69990168003165
55.23827945037414
53.93193796287891
53.44908526787485
55.18967562722033
54.73026957852347
54.47058245859976
54.86620579184466
54.80508825640588
54.50116738431469
54.488998817309636
54.19154445115906
53.4139034275659
54.83440408504586
54.998079022577734
54.87431265992804
54.159845902378535
54.16103830722973
55.27728418960091
55.36395767310564
55.14267240310623
53.44469141276872
54.54696376807101
53.847698509914814
54.319067453395746
54.78926122695683
55.396656601469836
54.30849565953493
53.8196773099645
54.58972659252196
54.41468559086541
54.47376829339182
55.37759375187306
54.04635521117536
53.964358940628586
54.72517110651554
55.06360105125511
54.36262712237579
53.55209037489347
53.53974276886984
54.02349737066409
54.447186981129796
53.732750929651836
53.532739614135835
54.41280481987849
53.4401366351694
53.997564277171286
54.672465667685366
54.224178716970684
54.883981267636756
54.58985885817943
53.7374129243485
55.202830420591575
53.859541514587946
54.6939890318238
53.586023290635254
54.545274710409586
54.907143497242075
53.94273710323935
54.30938501423101
53.57671529289484
55.053400027654064
54.6885101821691
54.837176669454706
55.10238013954385
54.763895002243046
54.98364258508042
54.06717019529596
53.628119862206624
54.142083630907244
54.71511774912361
55.08860627823745
55.14558108593123
54.19472091848852
53.83902148796246
54.569754217228926
53.67726753224931
53.48413115062562
54.16003905280602
53.87996898187364
54.27680138426528
54.98763033882331
54.601308678037604
55.016557616094765
54.679697184536806
54.48441510693333
54.4099443280899
54.906767862255556
54.299961179835734
54.29022909470583
55.24353950539836
54.15521144112264
53.76782802105061
54.66012088214792
53.58296508940151
54.80703416229174
54.70394807504661
53.67960488287694
53.41677397539122
54.19714582200593
53.92533703322648
54.964538152222644
53.64252421658272
54.455822048084286
54.77840096930027
54.990025348027594
55.13033378093428
53.74099076576935
54.79434896314126
54.36866486440557
54.89397941584785
53.76751566772843
55.362306070706566
53.89844794427364
55.31485152528642
54.70378946632529
53.6154387419988
54.700623776016776
54.86407858061961
55.00594884946142
55.22540569056485
54.26784296124559
55.26813247799492
54.26002432043458
55.300446391013615
54.74289153944245
54.56322802081944
53.60233709643374
55.08241959710142
54.24832865681108
53.98382890872488
54.78845524774021
54.63810463801221
54.587339960816756
55.13057274104855
53.481022399643436
54.24007822810775
55.13611904777293
54.36292704367402
54.82677050858919
53.63247848979275
55.24809025195553
53.86188985544432
53.893030198481235
54.8769694463107
53.99028416482764
55.30804621243908
54.03405021335766
54.974218086446484
54.53217945597773
54.62029393221803
54.7574391892411
54.956196825818175
55.007322786685634
54.70055067707225
55.16104200173842
54.644623422030485
54.1680394787485
53.62975505763553
53.51056316203227
54.77085109386641
54.65354772785886
54.26047409862409
54.02824968175277
54.65252172135344
55.1917884430216
53.65142963434185
54.46294604328464
54.122293640084514
53.55528351620318
55.289256238841546
54.5118338897131
54.90395760698475
54.591334886822054
53.5428030944661
53.66416857922539
55.13125279363058
54.14687680294211
54.29529220994556
53.537325531095796
55.20469538593485
54.20829416531888
54.19964573450054
54.2754683143559
53.681732585077405
55.07651889422431
53.50229449600558
55.08115174900451
54.39553397754725
54.89771745851942
53.88078070337839
53.450171598330186
54.49773370992574
55.369881253581156
55.24046701575413
54.17997422650877
53.62043446770125
54.94563331027932
53.91566454608181
53.72193811297321
54.85278754311127
55.35156297690637
55.22049216561458
53.94784001657303
54.727459916796214
53.74440162412247
53.79478019847179
53.90081817275873
53.912302027313565
55.32435135754503
53.690329993575936
54.601145033686635
54.8025278536511
53.725880100969725
54.64284286547379
54.47712218779917
54.70872055265411
55.00629436429998
53.47483011486227
53.49140980486324
53.83597532120889
53.55240337209605
54.07481760542718
54.53310298970203
53.74949306782418
54.72558606053605
53.89815593726304
55.145868001550454
54.52193616112135
53.565574365380215
53.43475033423222
55.16245026033365
55.25785982497394
55.37326432363186
53.58902147924651
54.31586720110673
55.190530999150305
54.492868426387595
54.41741062506794
54.397597793647215
55.04644750504299
54.113721028692204
55.168740825559574
55.033082250374356
54.87286976747247
54.41204973235017
54.07274739146558
54.644843069034316
55.023677947049784
53.853024920038315
55.822089668971174
54.67354130585466
53.49886654037068
54.97340031196798
55.19315687259253
53.62727941932219
55.33298937703182
54.465056768144706
53.750980025943996
54.029464028944496
54.227867085642515
53.87976165613098
55.083563323077854
53.83554054009692
55.124869972723836
53.77545712494694
54.51094668082183
54.388912487577116
54.912088610186046
54.62438851722994
53.71431203485061
53.486357802288445
54.96170422590992
54.30338669242153
55.23044662513128
54.62325471956398
53.69287245972164
54.48661565701552
53.25687470589198
53.9889297868723
53.8554315511067
53.76109896171124
54.71297097045721
55.28244037649211
53.729748923283815
53.785336634034785
55.00236785625582
54.91910438441463
53.93801736409489
55.31132549532476
53.42196920078147
54.69808920813624
54.06231457461669
55.39029539060434
53.66288314396826
53.501373414757104
53.76473706243304
53.582473688498126
55.34858595799997
54.09439204465916
53.60492249319987
53.49119035619801
55.05563045997476
53.59867990095206
55.25027184997088
54.44163696501429
53.762210315914636
54.70682387426872
55.27418436652684
54.624590754324714
55.169893608419684
55.21003750570968
55.237617671961
53.525417690602836
53.843837736415374
53.908670074314124
55.24928571043231
53.95866578344876
54.61679825933388
53.47596283071174
54.69980650080978
54.52856228237943
55.20224430552062
55.3453646186296
54.36511314948609
53.83572606100495
54.46189257606164
54.19171984863497
54.57443965954295
54.25040894645846
55.27297347279397
54.07664084227089
54.638194457808034
53.572577494421296
53.44054029390968
54.82837725764564
55.231034360177766
55.399148088442395
54.600135577258875
53.72649510637121
53.92545092817033
53.518688070887634
53.556126115907574
54.06167793880151
54.57118222020516
54.15389490504969
55.0010194296546
54.64096242434343
53.715762292904664
54.37216653769005
55.06107412603443
54.808721157111
53.761520576745994
53.48457467842166
53.613516800399545
54.0537049583995
55.05434430092235
54.75355420990743
53.82067795331281
53.77245722312759
53.59951598743364
55.22962063899803
53.82635914270969
55.259412894648634
53.599938488911334
54.037428728278506
54.05974416198516
54.49399451077131
54.5120605587728
53.931484054234375
54.09216689359895
54.7950177712801
54.81481475765779
53.441820706012436
53.4920476607784
54.91271917410398
55.186880699643375
53.42995709450449
53.623311397464796
54.628718364138855
54.28758620214937
54.37544268339775
53.832599742204565
54.43422727993623
54.83675813603644
55.213308073856226
53.9705891691372
54.35681917439729
54.188836657395946
55.04273067333156
53.69272873699611
53.50606940096964
54.096563768167684
53.527229110324384
53.48470866030358
54.408381115991965
54.85956052783433
54.30669804444953
54.85797311976321
54.70130771417769
53.553103699416106
54.24159651872498
53.66058957401335
55.25768510317977
54.53241542185754
53.809602173990044
54.948786872158
54.309885768338006
54.90777810764013
54.47504353359959
54.36447480176767
53.64450777825431
54.18578686131174
55.35142337865439
53.464057774097874
53.437810428977926
53.77205225851659
53.97734540701316
54.943854670270305
54.80220990096319
54.53066579611769
54.52615646618961
54.20743786308874
53.61414664148304
54.09574036125724
55.26961740274608
54.220203631949744
53.693637354922686
54.130338640894735
53.61591462457208
55.096486463979566
53.905824431223515
54.22810165575507
53.54232486731646
54.364529801584155
54.254834368698475
53.652889669674536
54.74284605112287
54.35462583385164
54.54025875164585
54.61174907388716
55.311106107989694
53.65573663867451
53.64656950289538
55.25651590281492
54.27886288942162
54.0859092283275
54.03578136076617
55.10937054947997
54.83040746682758
55.12179726730415
54.513673941320114
54.1076545308174
53.51318281674527
54.23260143400302
54.83988563503585
53.963262664012554
55.26493132093393
54.06374138878143
54.25219245874606
55.03192297935651
54.57768284989823
53.915571781903786
54.47528356062028
54.38767676216821
53.61889615953049
53.46245447414091
54.28434675235572
55.29787127279421
54.630066159195366
55.157499865483196
55.193775542840775
54.793977760752036
54.42310940841544
54.26828960903233
54.34131133057595
54.5335469793014
55.29484071340614
53.988893411819305
55.137932273820226
54.64861521884057
55.179852599473065
53.57349191649127
54.75380188480006
54.77587263327848
54.3621111116656
53.93691900636501
54.01058959710587
54.963907131099674
54.565579317368346
53.667435185062786
53.750476158898145
53.65283570958071
54.74418233575345
54.89704511990864
54.252155579507445
54.421636071741524
54.39142516346716
54.97467140263232
54.76414736121885
53.69849104524027
53.68997645092137
54.3874976016576
54.72573004347059
54.129457942440524
54.32153076516232
53.87579240620255
54.745810014774776
54.80077584279546
54.25726146550701
54.18652789176498
53.91003678350287
54.01012301128364
54.34917698123919
54.41110422876133
54.48647834991931
54.78213697210497
55.042692900677665
55.35249337215375
53.60016818353033
53.823509794098285
54.030732496995945
54.86711400913035
53.94683716500938
55.112971062385554
54.16966778718152
54.62675067520233
54.116142309690474
53.82147116720999
53.47741430085691
54.24582921147471
53.5947052295597
54.7578769225371
53.5339911636123
55.21936107112323
54.01927261267199
54.03549293514739
55.104860193112685
53.61686940779322
54.75031118518521
55.154720245051614
55.3073550612862
54.977608634389156
55.33634998628162
55.197165315230436
55.140514354967216
55.35239078730213
53.939381840023415
55.32651150247698
54.69863008003908
54.93733069746829
55.291637375953144
54.29146631086178
53.88882477089776
55.2448227221601
54.25404310995651
54.1260954718135
54.972969242019765
55.2570611134095
53.54667704150672
53.742858091108396
53.75425368151946
54.50741726870287
54.72153341291809
54.61365383225593
54.72872467482219
53.5349855673181
53.94790998242016
55.23419564641654
54.02210036659997
54.65761090383307
54.68072953118566
53.56702016572868
54.432176572613585
54.50870987549548
53.78210834517608
55.15844800358206
55.39713618371834
54.28319886909418
54.16648486715313
55.12480728570849
55.21007450976444
54.13784045267852
53.53961972490014
54.703231776458765
55.30005262252732
54.69132195851599
55.30178061412393
53.562347237061154
54.899991777532456
55.0693773199081
54.1854244788774
53.56815760374767
54.92172122722975
53.44026585453945
53.69768884374694
54.200443832781886
54.358491566608905
54.48591972753228
54.93800547080165
54.314988535094095
55.0352666538677
54.754072937515325
54.86114850847305
53.44693738491267
55.02710620252125
55.33668425923377
54.556029903030804
54.350611542684206
53.565951744837236
53.81996661348006
54.61055386729403
54.971082300188854
54.75612846531672
53.95133540218062
55.13284414581941
54.542821010951755
53.91887532098344
53.96858817510997
54.49915523045555
55.01073692946722
54.88621581309061
55.036628478991815
55.39878089297585
53.468914904749454
55.06448243795593
53.7370459723364
55.24627242547575
53.812366103069465
53.587806630190784
55.055865433256315
54.531278688647795
54.29710363088621
54.38188718133072
54.814777414162464
55.1763207609519
54.20385606891875
54.4583494388717
54.99116264904147
53.472813989148676
55.30073107148958
54.26000786638783
53.87222307152452
54.665649175230826
54.30014175896378
55.377344314438425
53.48853165375713
54.75664607274954
55.00530831073405
53.45651477665531
55.2723137603668
53.59719138950685
55.3416470246401
54.61919687641004
55.38577230204408
53.84037388846551
54.96835992082476
54.2145905157253
53.66476960655142
54.82292903716727
53.66553681318868
55.223884840800935
54.62317800855304
54.94730575280756
55.192082524114504
54.13750271902249
53.463212031377026
54.6341676485538
53.809782193802526
54.62543693980518
54.5370542068061
54.41564155177308
55.168816093290104
53.82098911062377
54.20508795735138
55.23962517821555
53.750037920676895
54.53822458141277
54.536048648332454
54.55546734376692
53.55932755749445
55.243455665088334
54.79440675575855
54.25133255311303
55.269332190236554
54.10106569761495
54.16029451065406
55.01356249756352
53.503906997506206
53.91398648849017
53.62728935487547
54.17834738916249
54.46056914388285
55.27914130273918
53.523366030999014
54.64601923119949
54.566276444878476
53.77816668525174
53.60033029859935
54.9282796393242
55.361843952348
53.523724538396316
55.137046591236945
54.89867483491895
54.31031091250725
53.88171780844743
55.00177190611982
54.316630082205634
53.72457001972052
54.68972207092961
54.11890911992593
53.69535626524702
54.509572207972724
53.79194525282684
55.28549111378099
53.583941099836416
53.9144190671009
55.211028243696845
53.78270939261624
54.833937303906644
54.98965515712437
54.77699885715664
54.72779880541848
54.92076029595814
53.94507354454491
54.533691462644924
53.61159141084698
53.890208177270694
54.10334607399703
53.74294535987532
54.96705164607239
54.00041601605584
53.64479159481146
54.806893277113005
54.614105530388024
53.62955759164568
54.83859423701725
54.92865391505486
53.42607637437294
54.519606095334446
54.955784434805025
54.831739753532794
55.06303914501198
53.926467527114
53.55929534331972
54.358493640489264
54.617406628104376
53.74679838922764
55.36640643783443
55.26786566356652
53.61705940425565
55.19182023859162
54.37888790974931
54.05284398767141
55.33133228804615
54.07844441264242
53.47615730574041
54.09785090553754
54.82516932117664
54.3080179856418
54.166761771182514
54.99641753132695
54.70676114637619
53.603005149166194
53.69349735907222
55.34944938267077
54.01397531805297
54.071914999306706
55.18747937652283
53.86439504439475
54.184893570188514
54.67278937296322
55.06647464891204
54.075630770276724
54.557768042868524
55.145562326706674
54.37280950984117
54.5063734395992
54.34570886372424
53.48360458766837
55.246165127143826
54.592434262908334
54.531415488008896
53.51476476364567
54.22657339195762
55.18812590706208
53.62726489393776
53.66222032895856
54.582924995997764
54.974635270066
52.7460683962664
54.45545060537985
54.362303385982216
54.591174799297036
53.92780989161354
54.86164420333093
55.355455639202056
54.80922433029394
54.167678386288024
54.00785375361315
54.67371429191333
53.57017662283664
54.09070659194608
55.36421005214006
55.13268114964288
55.20669849698765
54.71832863355343
54.95850828402808
55.1379868875671
53.66812013486991
54.27216920632153
53.69247897105111
55.26843805120132
54.07016562804613
53.460376704551734
54.330055697869234
55.25186426718092
55.38933633789616
54.19181270376023
54.22795269317074
53.52897812373816
53.62226064059566
54.16341039352326
55.378864395643305
54.100560396545454
55.230321370773076
54.26601462553762
53.83759941036139
53.85328291561601
55.18987466955838
54.254015563388364
55.10046186467412
54.05948140620615
54.46837165540898
54.62408929887309
54.50819213704719
54.2461914487763
54.24669642971098
55.148356840229695
54.242779506006805
55.12875922040266
54.7080317908377
55.00727491162267
54.988459691017276
53.804340207400145
54.71356636237892
53.96757060998472
54.82720937050415
54.90059780486826
55.18535467313531
54.5505325092026
54.43904997830212
53.87491524624032
53.51664304522543
53.635970600470756
54.17747410053631
55.15943180997202
54.829974243510144
54.44715800152828
55.09030586524492
54.34721756601388
54.40338223766437
54.36206603384121
54.4563089298743
54.11489780291855
54.08499096887428
54.496206479614294
54.907853652669225
54.07704025083796
54.01632836818184
53.502392096153436
54.709956442141944
55.26761783568582
53.48466923533247
54.53272900574808
55.266003869020736
54.443858515098306
55.22471847846772
54.808152947565404
54.420473506681
53.907795900043936
54.98994795098963
53.740821832533875
54.628964635803065
55.040832108407535
54.71389893728149
54.0546774966789
53.56585094317228
54.24662627127698
54.081763061675936
54.84948845313823
55.239867679813166
54.49762030217053
53.832554104488516
54.053687238674364
54.18794590011187
54.1805150668114
54.612182918362535
54.2113135737663
53.81760653024048
53.43600929384418
53.6977482118654
54.04837697680148
54.46822612757832
54.6881136041406
54.413355944925016
54.763950334572215
55.26148748177515
53.55835222260662
53.557779074866595
54.49130787588241
54.31132729168036
54.86016485444662
53.66427103838825
54.87441924418397
54.36369310020774
54.8688214537092
53.412844752939144
54.20511286272892
53.436422689935185
53.56216190413445
54.01533018011202
54.066220273255475
54.52955783838701
55.027473682854165
53.89352245803113
54.92601492481625
54.97640514405988
54.729819392854004
54.47073369005104
54.6292570192609
54.50565661190161
54.83712733905745
54.39706017322978
54.230157577057
53.58488188973983
55.297356989237066
54.02867813899065
54.11257361308372
54.115705604329165
53.863052420106996
54.48148048979089
53.842747779796916
55.05098143519407
54.75859569411043
54.079366427019636
53.69990393526669
54.00427570438379
54.18547307354091
53.51749730330954
54.33001188917795
54.42197341671757
55.36086647944704
53.56083060938577
53.46803357405641
54.38831832164249
54.28488246120967
53.59824469847979
55.173963224258365
53.63370063163673
53.93173154617717
53.87256712700709
53.52797394409726
53.816503744763125
55.0601702203465
54.70681848437942
55.229983113534786
53.64882362120703
54.338518007144565
54.54698469495881
54.048949325733886
54.93637214650212
54.9795623870357
55.14163015676225
54.56721352841902
54.10287796736557
53.58066392070174
54.678664237988244
55.16519600535837
54.269296773595876
55.3643739161892
54.19957348107313
54.69176301730297
53.458143692391076
54.51487725608965
55.11143205024937
53.76557421715666
54.993260021860465
54.805573425502445
54.11700341306362
54.15272458420609
54.66532755123261
54.21310685182867
54.38324476364688
54.165992364713695
53.73344175575975
53.7131608935464
54.26852772953723
54.5310062123599
55.33305763536204
54.95332624628941
53.42888712316737
53.66464380559908
54.36061997674997
53.9983574626296
54.62361081788143
53.81097410723532
53.40519042226047
54.843129709890924
54.04048240528502
53.9800563926487
53.79738454075537
54.88860786797074
53.460990414147844
54.13490804806541
55.345930523858435
55.07614114947887
54.08581501750564
53.57195398218046
54.8321628667925
53.87539538887385
54.34090641051224
54.940269697229475
53.83276273159861
54.82123521433106
54.48446583039215
53.84493105653376
54.94105824769074
53.794869336807054
55.335142581480326
54.47978289892313
53.957196641242945
54.74457082730804
54.94175980993783
54.234939194333855
54.11750089701953
55.041285005879224
53.51488037947337
54.72432693568993
54.93332381272081
54.16443769249154
53.44052653143246
55.17858677428921
54.70971118087925
53.913256041011
53.69636538093877
54.64864213186675
54.31418742031474
54.83891460211916
54.49067260624612
53.96525043730678
54.2659755858989
54.09281929830595
54.44438672571237
54.89984766983263
53.715964348480156
54.38634107763474
55.13656722852449
54.47199966293104
54.38773499130671
54.25731265955791
54.333568044615205
54.848772379020225
55.049959807804946
54.33860057161642
53.72223969440637
53.78133346172876
54.590485766614414
54.82406450449355
53.46747188694145
55.02409779733526
54.26241451581241
53.827217123029726
54.414389802734206
54.68172967535801
54.17249284554906
54.8278964649765
55.25551599380868
53.92931363909455
53.58212427869473
53.90226366276524
54.48321061571696
55.05100689922251
55.09131589381927
53.93143819457464
53.44770247535284
54.242485833395264
55.275872078285175
53.4840834744781
55.34102356464421
55.12249868498458
54.84814754253601
54.56825497305419
53.427159131808814
55.39883726702586
53.91167282818171
53.9478237527469
54.33872639238977
53.63404036566341
54.37996420882843
55.21878750505078
54.7604936486334
53.55614071037819
54.129830456295416
55.340781809894985
54.320053262152584
53.85976851821987
53.959489607962865
53.81910434505113
54.005959875909106
53.94292432869194
54.921807418131756
55.23256385696828
53.933647553975526
54.5247326016918
54.10297058443607
54.30246711259814
54.77943707119744
54.58948994254436
53.41690698353145
55.198056016142964
53.70294721493166
54.60231935202504
54.485765455757665
55.27370749934154
54.07822122667304
54.44174348624219
55.1767677753303
53.933208205312965
54.8538823202513
54.9944895610713
53.86574494342771
53.81641754314917
53.86262918089323
54.85783797704017
53.99767090266464
54.003630194502634
53.90038551594199
54.09482749307243
54.01450552719652
53.432951992087006
54.89541499366249
53.48762927830835
54.22065967402134
55.22600038544757
53.98771464254701
54.23440256610226
54.65639523750804
55.11724316059941
53.838999135334596
53.53494404570037
54.54947160691021
53.68228694181467
53.99358812118757
54.010443760401806
54.415352258655616
54.56042847160459
54.610509820000395
53.4026602288519
54.376283106687815
55.36678143397396
54.38713249094108
53.49782644068359
54.76955558269107
54.48929034177873
54.99463712331095
53.7206003521266
53.61526662081779
53.46594522183993
54.84564294692175
55.34337154770159
54.013888474046325
55.137508633545934
53.514299393197916
54.756236903857335
55.04396028346853
54.27106799463674
54.62915582108107
54.74295759122039
54.23021443194303
53.84972556946623
53.55912235582235
55.20821038542567
54.152449916338064
54.72373889972127
54.71283400410591
55.301444863238366
54.26546536746836
54.818423302736306
53.77173054422299
55.38266006488304
53.50036384764197
54.59413039457431
54.677164727268945
53.77541224399387
53.71754266586899
53.95361365206504
53.69185133278608
53.75236682416603
54.58167981910746
54.292094419628526
55.355969629725784
54.69870655605092
54.92903049331353
53.8853406714758
53.658231383821644
53.898708859865046
54.197344949549105
55.31107093663682
54.24222766260144
53.890804391958625
53.98872169085001
54.098995622902045
53.96836575956588
54.8364297160056
54.33570736921829
54.30480926471454
54.65171030832584
53.84798637078086
53.74095615125025
55.20344436647719
54.29603938668538
53.72121887235975
54.56076135776906
53.7969017223175
53.6444294281425
54.01732404701361
53.80277166384016
54.331967243024756
54.36668091798663
53.940104694572575
53.90820418280002
54.52312985827758
53.703897246052236
54.95347915896552
54.588867331623796
54.676011612661355
54.89052948306905
53.58466020803958
55.28930575655929
54.40662307818104
55.1741994377672
55.35831538051457
54.34437948619562
54.15175667698369
53.75361353816015
55.30702099518061
53.40259082769048
55.16582988960686
54.45488008787908
55.00332285936279
54.185469966330395
54.19949122558931
54.46654236647563
54.55871579725543
55.15333354410689
53.55530151290536
54.95363972223531
54.534854752027606
54.14772707317511
53.71580304033263
53.871110124796395
55.212309627006015
53.580864729720666
54.23928825984849
53.796845327738666
55.16217675394746
55.24237888911861
55.118581909368075
54.10471236175666
53.56585928781721
54.29369132368391
55.29814792019258
55.29785317913405
55.22832889454502
54.52031930306551
53.54483414991687
53.82257499294196
53.730181522913426
53.41242856328712
55.367567273740555
54.18314415985812
54.663799641951194
54.14394613116695
54.181310323588534
53.67779577750053
55.39893342206213
54.020544716799755
53.41059558051431
53.57627150244586
54.3230130475471
53.466812271781194
54.727944967065355
55.059198430378565
55.001505607324916
54.122918083130905
54.122490838798754
54.73962093359313
55.20362775313212
55.12108889628639
53.99410918751617
55.08699887844103
56.238727825327075
55.112206720246085
53.9683784385284
53.57398356660161
54.548649037909776
54.11284140590233
53.62767551179164
54.86628471846039
55.00138696094677
53.74303041060186
54.853722433534095
54.875940989863494
53.83135302612297
54.92511781179447
53.976895361930154
53.99830613353752
53.67155748732506
54.61396562355736
54.42760914952768
55.35306325174023
53.6230234576699
53.62884958316383
55.085089052666326
54.34958042862301
53.80674487373745
54.15735217836195
54.018843381144364
54.396918952074
54.34350118561345
54.00156500802603
53.8181481470291
54.07880817348233
54.2068407443327
55.136913321352225
55.20485722274632
53.613897961872375
53.89454575983409
54.65391517098785
54.1248503041401
54.92160239851723
55.363891173547174
54.653187563329816
54.01343095184221
54.11384675626511
55.176009946192515
54.16401220529443
53.42998708114811
53.73303008348438
55.294677268828295
54.65677339470682
53.75722711251201
54.55651625642496
54.48482636163815
55.21958028108315
54.16030345250338
55.287965983814544
53.75610808537077
53.96938644628526
53.5011363832269
54.95582186752803
53.79680695542035
54.767918897710494
53.40325046218201
55.33925946508473
54.84342636460374
54.812729140374145
55.16243640625582
55.241916442910636
53.931254814861774
55.173678822878756
53.69855021909889
54.93371307904446
54.9712264854814
54.84517260872657
54.24376302731592
53.58107535485883
54.59838822118803
55.384450425242555
53.96257319100578
54.98587447562046
55.237285120315335
53.70625172666317
55.19889387096091
53.453394402187406
55.32957786438446
55.1041646240129
53.545528229008035
54.10964020548718
55.169204133212524
55.06897178816686
54.43134465403876
54.488299973463164
55.29039589087674
54.97430614263418
54.42146497997348
54.70767217316229
54.853866361869045
55.199928446175555
53.925777715678144
54.05787183840142
53.97647775261067
53.762939558272485
54.51108891035068
54.31862681513301
54.449703522760224
55.02723974088099
54.512223374751095
54.62797837372075
54.7921965744093
53.56154753616775
55.13738856886768
55.222196451670285
54.081776910279416
54.71629067796975
53.763113503864425
53.86722432776397
53.51215002470599
53.9896817405878
53.61407569905877
55.301963274266846
55.11967027887794
53.753290520719275
53.52312784142044
54.5137111089843
53.625459495938436
54.4074263180764
53.96683759067168
55.16606610280949
53.83819563836292
53.53664215519882
54.071852490404055